0 0.229141 0.298550 0.196074 0.160791
0 0.279873 0.498164 0.169707 0.189785
0 0.375576 0.854258 0.282539 0.193789
0 0.596895 0.900137 0.308340 0.199727
0 0.528818 0.687671 0.216465 0.262061
0 0.581123 0.452720 0.281914 0.332725
0 0.808818 0.113394 0.178437 0.081885
0 0.717554 0.760430 0.257002 0.157344
0 0.678979 0.632739 0.129971 0.153174
0 0.894995 0.472896 0.210010 0.347432
0 0.841924 0.646880 0.172383 0.276436
0 0.888086 0.972476 0.177129 0.055049
0 0.064839 0.920254 0.129678 0.159492
0 0.047480 0.775776 0.094961 0.173193
0 0.088823 0.440352 0.176943 0.202344
0 0.082280 0.277144 0.164561 0.185947
0 0.754697 0.500586 0.110117 0.214590
0 0.060708 0.116948 0.121416 0.228506
0 0.551655 0.046470 0.176865 0.092158
0 0.581758 0.272998 0.089883 0.103887
