0 0.436230 0.527358 0.081562 0.123467
0 0.425405 0.644639 0.111377 0.054277
0 0.368960 0.658193 0.132920 0.076895
0 0.397148 0.715273 0.113809 0.089102
0 0.557314 0.797778 0.047246 0.052314
0 0.552813 0.845171 0.036836 0.045283
0 0.624390 0.797217 0.089150 0.067500
0 0.558862 0.870483 0.088877 0.100400
0 0.623125 0.889751 0.100977 0.119248
0 0.544517 0.977217 0.075381 0.045566
0 0.658701 0.975674 0.070879 0.048652
0 0.716924 0.965967 0.054004 0.068066
0 0.733936 0.853579 0.137363 0.111377
0 0.819326 0.845815 0.092813 0.105303
0 0.916118 0.863662 0.107295 0.213047
0 0.977500 0.636768 0.045000 0.077344
0 0.915044 0.048613 0.169912 0.097227
0 0.764634 0.027534 0.115967 0.055068
0 0.619526 0.018926 0.050811 0.037852
0 0.239268 0.018696 0.089219 0.037393
0 0.174067 0.022139 0.044990 0.035840
0 0.143379 0.079707 0.088066 0.079297
0 0.145029 0.149956 0.098809 0.082920
0 0.064727 0.301563 0.100605 0.110937
0 0.147222 0.316338 0.103916 0.072813
0 0.275303 0.294058 0.182910 0.115830
0 0.392910 0.328667 0.090742 0.090361
0 0.449717 0.266719 0.109043 0.183770
0 0.582021 0.215625 0.111328 0.116660
0 0.767754 0.155039 0.053691 0.081660
0 0.767437 0.267588 0.185225 0.173320
0 0.881494 0.198882 0.085469 0.086104
0 0.920068 0.255703 0.076953 0.141074
0 0.968979 0.275293 0.062041 0.071484
0 0.688652 0.405581 0.094219 0.120654
0 0.580937 0.413174 0.131348 0.133027
0 0.709399 0.545576 0.123115 0.116230
0 0.778252 0.597827 0.092344 0.066826
0 0.768936 0.654932 0.082617 0.088691
0 0.845996 0.731265 0.139531 0.143994
0 0.780894 0.766675 0.124619 0.087744
0 0.702554 0.709805 0.070537 0.061758
0 0.631841 0.636401 0.107998 0.127568
0 0.508491 0.627456 0.074248 0.097881
0 0.258618 0.490229 0.070850 0.051475
0 0.207939 0.512783 0.154414 0.110566
0 0.112939 0.474185 0.163301 0.123916
0 0.190977 0.572749 0.110176 0.077354
0 0.188945 0.632266 0.096797 0.061172
0 0.199609 0.679551 0.174141 0.094336
0 0.142070 0.748398 0.187266 0.096094
0 0.015264 0.572222 0.030527 0.031221
0 0.029326 0.616094 0.058652 0.076777
0 0.050703 0.681099 0.101406 0.108350
0 0.046953 0.758047 0.093906 0.070430
0 0.030898 0.917676 0.061797 0.106055
0 0.260049 0.992705 0.073320 0.014590
0 0.303286 0.957266 0.069053 0.085469
0 0.231055 0.959082 0.113477 0.081836
