0 0.028130 0.737871 0.056260 0.075820
0 0.119688 0.701201 0.100918 0.088418
0 0.202378 0.693604 0.040166 0.048262
0 0.223467 0.753350 0.131621 0.075254
0 0.495767 0.695635 0.117041 0.052246
0 0.163013 0.216006 0.062139 0.081211
0 0.395244 0.828267 0.104980 0.081162
0 0.221157 0.262520 0.042705 0.060625
0 0.402251 0.221152 0.086924 0.094551
0 0.521016 0.273770 0.050703 0.048809
0 0.578394 0.205908 0.102939 0.057949
0 0.952603 0.193130 0.060244 0.064053
0 0.889497 0.177251 0.078174 0.130264
0 0.937891 0.297852 0.069902 0.051152
0 0.211074 0.630210 0.085508 0.087041
0 0.266772 0.695776 0.063682 0.086084
0 0.110005 0.515811 0.077354 0.150664
0 0.040864 0.840469 0.081729 0.091563
0 0.210029 0.919487 0.082812 0.143467
0 0.864814 0.447974 0.068633 0.144248
0 0.800669 0.759307 0.054131 0.056426
0 0.770215 0.708984 0.087695 0.065039
0 0.553882 0.738765 0.092334 0.051025
