0 0.735903 0.838135 0.132959 0.138223
0 0.285908 0.283374 0.143770 0.258193
0 0.397900 0.230137 0.099668 0.129766
0 0.481655 0.333604 0.158955 0.110918
0 0.532275 0.423955 0.089512 0.080312
0 0.436553 0.395483 0.124414 0.122959
0 0.601299 0.369438 0.099902 0.083369
0 0.432803 0.144751 0.081836 0.072393
0 0.363994 0.074063 0.080078 0.148125
0 0.412300 0.095449 0.093486 0.190898
0 0.580469 0.200098 0.197461 0.069531
0 0.666636 0.143262 0.055400 0.065625
0 0.614966 0.154282 0.066826 0.121494
0 0.566875 0.083237 0.076270 0.084033
0 0.534302 0.060605 0.182588 0.121211
0 0.219375 0.789834 0.062598 0.121680
0 0.787866 0.249556 0.120791 0.171709
0 0.856616 0.328433 0.094502 0.140732
0 0.570249 0.506689 0.098154 0.130215
0 0.436235 0.574888 0.173252 0.082686
0 0.513999 0.628892 0.059912 0.068623
0 0.775454 0.411792 0.092139 0.110029
0 0.482920 0.684155 0.086621 0.090850
0 0.229854 0.956855 0.067070 0.086289
0 0.155146 0.103101 0.094434 0.206201
0 0.812300 0.837842 0.197490 0.201309
0 0.911279 0.878354 0.177441 0.079365
0 0.951885 0.610669 0.088027 0.338896
0 0.956489 0.300083 0.087021 0.087080
0 0.968359 0.247422 0.063281 0.057422
0 0.511484 0.975918 0.086172 0.048164
0 0.593076 0.973823 0.091504 0.052354
0 0.679937 0.443354 0.124541 0.138037
0 0.631201 0.947837 0.057188 0.052998
0 0.641938 0.826055 0.124229 0.139473
