0 0.867168 0.134585 0.205605 0.184424
0 0.636025 0.230527 0.171953 0.183809
0 0.726611 0.300356 0.278027 0.210166
0 0.812852 0.386201 0.213320 0.232871
0 0.910342 0.549736 0.179316 0.291250
0 0.121162 0.929585 0.241914 0.140830
0 0.823833 0.543691 0.191025 0.242773
0 0.287241 0.968320 0.224639 0.063359
0 0.663223 0.613057 0.182383 0.192109
0 0.511694 0.546694 0.323506 0.325400
0 0.067578 0.073525 0.135156 0.147051
0 0.118887 0.493916 0.237773 0.298047
0 0.226309 0.227490 0.275918 0.190527
0 0.276704 0.379282 0.161670 0.209502
0 0.352573 0.437231 0.261221 0.383760
0 0.366240 0.833472 0.259316 0.203174
0 0.015913 0.796060 0.031826 0.127803
0 0.913716 0.830708 0.160479 0.179463
0 0.844536 0.702827 0.267217 0.231240
0 0.645742 0.825044 0.167344 0.168486
0 0.712910 0.944399 0.224277 0.111201
0 0.930986 0.925933 0.138027 0.148135
0 0.773262 0.856011 0.167852 0.181064
