0 0.856094 0.286211 0.101953 0.092109
0 0.051226 0.050430 0.093467 0.086582
0 0.137007 0.199893 0.131846 0.092930
0 0.217764 0.237354 0.084727 0.063008
0 0.355400 0.195269 0.102480 0.150986
0 0.531997 0.171475 0.064971 0.138164
0 0.237246 0.293867 0.068145 0.069609
0 0.450098 0.313076 0.037461 0.051973
0 0.398989 0.303418 0.070830 0.065820
0 0.349512 0.358789 0.118359 0.089453
0 0.966616 0.076992 0.066768 0.099902
0 0.908164 0.072998 0.066328 0.094629
0 0.961768 0.144873 0.076465 0.100684
0 0.837988 0.148340 0.147656 0.087500
0 0.789746 0.216699 0.060156 0.052344
0 0.976738 0.342344 0.046523 0.058125
0 0.742773 0.332734 0.081094 0.067969
0 0.687695 0.411250 0.068906 0.100312
0 0.566875 0.467988 0.059062 0.065137
0 0.453984 0.421582 0.090449 0.078301
0 0.371294 0.481992 0.087744 0.064121
0 0.327832 0.521289 0.090820 0.122852
0 0.296875 0.580034 0.147148 0.164697
0 0.224482 0.433057 0.067832 0.113066
0 0.093364 0.398970 0.063447 0.050967
0 0.058613 0.606367 0.117227 0.101953
0 0.226797 0.735508 0.114141 0.057891
0 0.515967 0.843345 0.073125 0.086904
0 0.632969 0.845879 0.065254 0.133594
0 0.722969 0.835469 0.077070 0.103223
0 0.727017 0.710415 0.055889 0.108135
0 0.932563 0.682676 0.134873 0.087480
0 0.980469 0.893262 0.039062 0.102344
0 0.853921 0.809199 0.059404 0.071211
0 0.836030 0.960205 0.065479 0.079590
0 0.769995 0.953223 0.078076 0.066406
0 0.551548 0.934751 0.047529 0.068057
0 0.531011 0.970308 0.077354 0.059385
0 0.253711 0.965332 0.092188 0.068359
0 0.023218 0.894253 0.044443 0.044717
0 0.520669 0.651689 0.086670 0.123926
0 0.870117 0.509160 0.069531 0.076953
0 0.981494 0.504785 0.037012 0.054102
