0 0.342646 0.270366 0.109297 0.085146
0 0.358481 0.333306 0.069893 0.069951
0 0.423350 0.349746 0.084199 0.100078
0 0.359272 0.394229 0.108818 0.085781
0 0.613823 0.910889 0.081807 0.136484
0 0.573218 0.196318 0.101025 0.079062
0 0.635889 0.234307 0.095703 0.062480
0 0.751709 0.258135 0.060684 0.023828
0 0.803179 0.210479 0.144561 0.089277
0 0.914702 0.033262 0.051611 0.040078
0 0.926611 0.267671 0.094043 0.040986
0 0.962041 0.305000 0.020020 0.030508
0 0.729180 0.321235 0.142207 0.094932
0 0.723657 0.397485 0.046514 0.071299
0 0.769507 0.425200 0.067295 0.092412
0 0.743672 0.475933 0.114004 0.144307
0 0.592158 0.299810 0.082344 0.101572
0 0.278618 0.377441 0.040850 0.115293
0 0.938052 0.958701 0.034951 0.028281
0 0.090518 0.161123 0.059570 0.068613
0 0.363364 0.632856 0.148506 0.111709
0 0.244224 0.598604 0.085049 0.073574
0 0.334673 0.743726 0.147822 0.172119
0 0.228867 0.727354 0.114414 0.094160
0 0.160859 0.695967 0.026328 0.084043
0 0.143311 0.741699 0.058047 0.132305
0 0.013911 0.641113 0.027822 0.095625
0 0.085693 0.671538 0.053535 0.096084
0 0.188403 0.903037 0.105225 0.135430
0 0.104448 0.964116 0.030654 0.037979
0 0.512168 0.803765 0.062363 0.136084
0 0.640479 0.765391 0.125605 0.080391
0 0.814966 0.707451 0.088076 0.089980
0 0.547808 0.744736 0.079990 0.097539
0 0.598599 0.672852 0.122178 0.106992
0 0.749292 0.671895 0.114189 0.069199
0 0.016025 0.282153 0.032051 0.057568
0 0.020791 0.367178 0.041582 0.116289
0 0.063672 0.378145 0.060000 0.141680
0 0.355679 0.228433 0.031768 0.069893
0 0.397300 0.185698 0.047021 0.092451
0 0.292769 0.151699 0.118818 0.133125
