0 0.023213 0.111177 0.046426 0.093857
0 0.028291 0.824800 0.056582 0.082881
0 0.015303 0.854644 0.030605 0.044229
0 0.635205 0.920078 0.057344 0.159844
0 0.657310 0.858843 0.111592 0.104893
0 0.669937 0.778311 0.068291 0.051543
0 0.677949 0.664795 0.131367 0.057090
0 0.724019 0.602988 0.200166 0.055195
0 0.586509 0.519609 0.133291 0.051230
0 0.455249 0.738750 0.087881 0.039434
0 0.562852 0.589272 0.074219 0.050771
0 0.443105 0.568540 0.205977 0.073857
0 0.253887 0.769009 0.099219 0.048330
0 0.242632 0.628701 0.101807 0.080156
0 0.278071 0.558467 0.181436 0.117520
0 0.117686 0.645059 0.091426 0.085762
0 0.432788 0.488306 0.130576 0.072373
0 0.248301 0.498081 0.211328 0.074307
0 0.143926 0.550483 0.075508 0.068037
0 0.348711 0.437744 0.213691 0.068691
0 0.414517 0.412803 0.124561 0.053887
0 0.328589 0.394897 0.169307 0.117588
0 0.239609 0.395420 0.113613 0.051973
0 0.265596 0.338398 0.118770 0.064219
0 0.915063 0.619058 0.089150 0.181396
0 0.813447 0.549727 0.193477 0.054766
0 0.835586 0.492729 0.172461 0.079854
0 0.977808 0.429248 0.044385 0.132988
0 0.855513 0.401245 0.114131 0.041729
0 0.846436 0.429644 0.222500 0.070029
0 0.793813 0.384053 0.182217 0.064121
0 0.698438 0.429141 0.102910 0.055410
0 0.687827 0.473916 0.157861 0.053477
0 0.890513 0.315273 0.165479 0.188066
0 0.770513 0.223389 0.117041 0.047246
0 0.755264 0.266665 0.118340 0.076240
0 0.656919 0.302642 0.112217 0.098799
0 0.625864 0.205635 0.124209 0.085195
0 0.521704 0.154126 0.089775 0.034580
0 0.754858 0.132178 0.070615 0.113945
0 0.805752 0.145859 0.143555 0.053086
0 0.834087 0.065752 0.143682 0.048965
0 0.371230 0.196357 0.114395 0.045039
0 0.350361 0.229233 0.136855 0.079639
0 0.396958 0.048320 0.163936 0.096641
0 0.251372 0.155137 0.154932 0.126797
0 0.106797 0.281074 0.108125 0.049219
0 0.214673 0.054316 0.140850 0.108633
0 0.043408 0.010708 0.056523 0.021416
