0 0.122476 0.876382 0.037666 0.055889
0 0.086313 0.884570 0.052314 0.044023
0 0.195156 0.829023 0.057383 0.054980
0 0.196846 0.873462 0.070879 0.036416
0 0.044043 0.955703 0.071602 0.067031
0 0.174922 0.915508 0.040469 0.045137
0 0.355615 0.978662 0.055176 0.042676
0 0.376226 0.548101 0.101084 0.065811
0 0.427676 0.319399 0.072422 0.059482
0 0.672109 0.237695 0.048516 0.065391
0 0.525801 0.153262 0.052383 0.073477
0 0.672212 0.004976 0.030264 0.009951
0 0.558672 0.039648 0.087188 0.044531
0 0.725762 0.008647 0.047813 0.016729
0 0.852930 0.025859 0.064258 0.051719
0 0.943052 0.028638 0.113896 0.057275
0 0.873447 0.104756 0.062168 0.043125
0 0.827124 0.228232 0.064287 0.055176
0 0.769395 0.242334 0.060273 0.050488
0 0.742480 0.327588 0.079102 0.100488
0 0.700645 0.310645 0.066680 0.128320
0 0.701406 0.433657 0.044434 0.063838
0 0.685093 0.429575 0.062432 0.070596
0 0.692676 0.395981 0.057773 0.044463
0 0.672314 0.489795 0.049707 0.046973
0 0.977783 0.574170 0.044434 0.048340
0 0.873848 0.580410 0.051445 0.045820
0 0.965186 0.639502 0.069043 0.037402
0 0.888086 0.650195 0.103125 0.079453
0 0.688818 0.607471 0.054590 0.045801
0 0.625000 0.659131 0.038672 0.050684
0 0.982080 0.727100 0.035840 0.053809
0 0.988511 0.794570 0.022979 0.043008
0 0.594727 0.712646 0.144336 0.094434
0 0.656816 0.905957 0.116602 0.092227
0 0.679590 0.797363 0.106836 0.071680
0 0.284473 0.019199 0.015391 0.036445
0 0.911914 0.966689 0.084375 0.045527
0 0.926030 0.943198 0.129326 0.073428
0 0.179761 0.024976 0.058486 0.049951
0 0.226523 0.051196 0.079219 0.102295
0 0.030220 0.139683 0.060439 0.096045
0 0.127188 0.106797 0.067031 0.085078
0 0.217993 0.155420 0.055889 0.084648
0 0.288530 0.280864 0.056807 0.060889
0 0.282905 0.357495 0.049443 0.046748
0 0.295107 0.440400 0.078770 0.068047
0 0.179761 0.024976 0.058486 0.049951
0 0.226523 0.051196 0.079219 0.102295
0 0.915479 0.840625 0.076074 0.138672
0 0.708936 0.970996 0.062988 0.058008
0 0.479199 0.985645 0.041016 0.028711
0 0.537339 0.930801 0.068447 0.081211
0 0.030220 0.139683 0.060439 0.096045
0 0.127188 0.106797 0.067031 0.085078
0 0.217993 0.155420 0.055889 0.084648
0 0.288530 0.280864 0.056807 0.060889
0 0.282905 0.357495 0.049443 0.046748
0 0.295107 0.440400 0.078770 0.068047
0 0.075698 0.361514 0.105049 0.079590
0 0.218950 0.488418 0.051611 0.043730
0 0.310928 0.497393 0.050391 0.054375
0 0.120068 0.643945 0.045801 0.046094
0 0.241138 0.590454 0.054678 0.066826
0 0.323486 0.610112 0.039824 0.038975
0 0.173535 0.667949 0.049102 0.052617
0 0.096772 0.830161 0.115596 0.093994
0 0.087949 0.754580 0.094570 0.084844
0 0.177778 0.760811 0.051807 0.044043
0 0.231016 0.731616 0.070547 0.049443
