0 0.839941 0.741016 0.057617 0.038086
0 0.880078 0.608398 0.053320 0.033789
0 0.629687 0.290283 0.058008 0.037012
0 0.172358 0.138833 0.056553 0.062275
0 0.242646 0.175586 0.094199 0.057617
0 0.133311 0.099297 0.036152 0.076875
0 0.792773 0.776758 0.086719 0.029102
0 0.293262 0.339062 0.088477 0.036523
0 0.056890 0.178047 0.113779 0.063848
0 0.097754 0.248218 0.061875 0.051182
0 0.035518 0.215679 0.071035 0.053604
0 0.025439 0.274316 0.050879 0.048438
0 0.145508 0.283984 0.059570 0.013867
0 0.038594 0.690391 0.058125 0.041016
0 0.147695 0.334375 0.080156 0.054141
0 0.300532 0.295190 0.046123 0.032627
0 0.360156 0.251875 0.046680 0.070879
0 0.357910 0.214468 0.051953 0.032061
0 0.024512 0.888477 0.049023 0.028516
0 0.152930 0.911426 0.101172 0.050195
0 0.302358 0.928564 0.118975 0.046406
0 0.397754 0.856011 0.095977 0.037256
0 0.876562 0.862207 0.085547 0.048828
0 0.927441 0.814746 0.019727 0.021875
0 0.316421 0.112095 0.064131 0.078467
0 0.439727 0.164922 0.092344 0.070078
0 0.650313 0.151680 0.088828 0.053906
0 0.893965 0.144155 0.075938 0.068350
0 0.827734 0.164829 0.040215 0.058506
0 0.791733 0.297998 0.082686 0.070312
0 0.790332 0.414580 0.074531 0.058496
0 0.674033 0.375063 0.062441 0.027275
0 0.588813 0.431450 0.102373 0.040498
0 0.519287 0.262280 0.058730 0.046572
0 0.382031 0.384473 0.093555 0.025977
0 0.387495 0.730054 0.076279 0.075596
0 0.887305 0.810840 0.041016 0.033984
0 0.792871 0.801758 0.059180 0.027148
