0 0.929761 0.048765 0.052490 0.096963
0 0.742041 0.489834 0.172773 0.201406
0 0.603291 0.530273 0.141191 0.146289
0 0.666797 0.614653 0.260820 0.152080
0 0.723291 0.789062 0.201270 0.158594
0 0.172676 0.737456 0.317324 0.210498
0 0.923970 0.697891 0.152061 0.231191
0 0.901670 0.885625 0.196660 0.228750
0 0.436577 0.932876 0.222666 0.134248
0 0.120630 0.924097 0.204541 0.151807
0 0.768486 0.397319 0.182246 0.167900
0 0.889316 0.052231 0.091152 0.104463
0 0.829409 0.274150 0.341182 0.221133
0 0.664062 0.369434 0.190547 0.280840
0 0.738813 0.085972 0.090283 0.171943
0 0.684263 0.076973 0.326104 0.153945
0 0.506548 0.196050 0.188018 0.312412
0 0.321826 0.293247 0.173789 0.311436
0 0.236230 0.353022 0.151367 0.182451
0 0.057251 0.422373 0.114502 0.228770
0 0.103320 0.148760 0.206641 0.192168
0 0.312637 0.148521 0.249902 0.297041
0 0.583906 0.954053 0.099023 0.091191
0 0.765371 0.324858 0.191055 0.103643
