0 0.157612 0.728228 0.110303 0.112471
0 0.377305 0.327690 0.069258 0.063584
0 0.299341 0.396538 0.038877 0.056299
0 0.347603 0.418291 0.060186 0.170762
0 0.425288 0.388892 0.121768 0.043389
0 0.517192 0.423364 0.128096 0.073564
0 0.976606 0.675581 0.046787 0.028350
0 0.884414 0.736943 0.088809 0.107324
0 0.691987 0.965161 0.063174 0.057920
0 0.684697 0.932153 0.111777 0.100439
0 0.610396 0.922695 0.167959 0.121309
0 0.824624 0.895542 0.202100 0.196748
0 0.658408 0.777969 0.140937 0.092832
0 0.794736 0.759985 0.107891 0.101572
0 0.846899 0.698667 0.063174 0.138506
0 0.902183 0.677407 0.036045 0.037666
0 0.968784 0.930864 0.062432 0.110225
0 0.944277 0.800811 0.055410 0.191875
0 0.796880 0.540518 0.067236 0.100039
0 0.825840 0.511968 0.104082 0.115830
0 0.722764 0.464575 0.174961 0.098818
0 0.968008 0.564883 0.063984 0.041484
0 0.946562 0.516318 0.079219 0.106738
0 0.980664 0.491777 0.038672 0.021094
0 0.979541 0.456758 0.040918 0.047832
0 0.939014 0.463657 0.063848 0.065537
0 0.927495 0.409297 0.088291 0.083437
0 0.861880 0.357861 0.098818 0.103672
0 0.785542 0.316958 0.100029 0.123936
0 0.931519 0.350078 0.066475 0.041016
0 0.959165 0.311772 0.065439 0.068291
0 0.898740 0.288564 0.121016 0.078242
0 0.976538 0.231235 0.046924 0.085049
0 0.948799 0.176787 0.079219 0.184199
0 0.891934 0.220767 0.065605 0.113721
0 0.866177 0.193550 0.075322 0.123447
0 0.917935 0.032930 0.055400 0.051035
0 0.867881 0.027583 0.037910 0.043252
0 0.031411 0.826074 0.062822 0.024980
0 0.045586 0.915234 0.088828 0.104082
0 0.118779 0.915508 0.133887 0.111328
0 0.217349 0.905811 0.126494 0.179863
0 0.649883 0.637891 0.116602 0.073242
0 0.574312 0.676802 0.163330 0.111631
0 0.510571 0.773560 0.154482 0.090127
0 0.303389 0.903101 0.108516 0.059580
0 0.395200 0.927627 0.113232 0.125059
0 0.402061 0.850767 0.067715 0.113232
0 0.428823 0.803530 0.066338 0.147314
0 0.371870 0.751147 0.051240 0.087842
0 0.442285 0.703066 0.087305 0.086934
0 0.414004 0.616040 0.094434 0.086748
0 0.376943 0.608628 0.119141 0.087295
0 0.442554 0.531494 0.104307 0.095527
0 0.243462 0.742524 0.062529 0.120479
0 0.223823 0.679263 0.052236 0.048760
0 0.080693 0.667197 0.100723 0.055918
0 0.230073 0.626689 0.073877 0.072285
0 0.160542 0.602212 0.115225 0.084170
0 0.075464 0.563462 0.089248 0.135029
0 0.120244 0.533438 0.116602 0.084512
0 0.219536 0.506436 0.077529 0.077520
0 0.201519 0.404541 0.085400 0.080820
0 0.176548 0.432178 0.065967 0.103320
0 0.117534 0.425688 0.081807 0.053018
0 0.066479 0.397534 0.099365 0.126279
0 0.177197 0.277051 0.148691 0.226699
0 0.178794 0.147456 0.136338 0.091963
0 0.203018 0.060835 0.046387 0.104854
0 0.251543 0.078604 0.083730 0.089219
0 0.347158 0.071738 0.032480 0.046211
0 0.308047 0.050693 0.049414 0.085547
0 0.022715 0.112568 0.045430 0.073906
0 0.049482 0.046807 0.098965 0.074570
0 0.642939 0.314678 0.122617 0.097441
0 0.688237 0.224321 0.082354 0.197100
0 0.425732 0.108677 0.111738 0.067256
