0 0.788105 0.949658 0.090449 0.100684
0 0.484326 0.778022 0.092813 0.223174
0 0.650098 0.868384 0.095508 0.069482
0 0.676489 0.828525 0.119287 0.061934
0 0.606812 0.771909 0.178311 0.092529
0 0.665762 0.707612 0.118457 0.072217
0 0.973789 0.763599 0.052422 0.106377
0 0.765391 0.735742 0.064922 0.059531
0 0.851846 0.700527 0.214883 0.074590
0 0.853735 0.658335 0.082314 0.061084
0 0.915747 0.671733 0.106514 0.110967
0 0.974180 0.690151 0.051641 0.081357
0 0.941875 0.577441 0.116250 0.146289
0 0.843452 0.493535 0.106514 0.182246
0 0.802280 0.544937 0.092139 0.128584
0 0.643320 0.450942 0.079316 0.074932
0 0.734106 0.442422 0.070537 0.338340
0 0.681797 0.358301 0.096523 0.121504
0 0.720996 0.212637 0.085781 0.101250
0 0.935986 0.253086 0.128027 0.254980
0 0.714937 0.092129 0.127881 0.154727
0 0.693726 0.057656 0.044482 0.069258
0 0.696226 0.589331 0.091631 0.067139
0 0.741533 0.634883 0.282480 0.083359
0 0.091904 0.934751 0.183809 0.130498
0 0.093105 0.879111 0.078750 0.099746
0 0.055830 0.847710 0.111660 0.184678
0 0.016953 0.682397 0.033906 0.160557
0 0.087764 0.557876 0.107441 0.109404
0 0.112207 0.378320 0.160547 0.078516
0 0.018408 0.397461 0.036816 0.046875
0 0.044141 0.345322 0.048242 0.053105
0 0.254829 0.591201 0.086338 0.123184
0 0.536919 0.513296 0.140908 0.118682
0 0.363105 0.584453 0.077344 0.065254
0 0.389277 0.492871 0.133477 0.204961
0 0.393789 0.400352 0.060937 0.063516
0 0.283936 0.442705 0.060449 0.127676
0 0.310400 0.353452 0.225254 0.065459
0 0.314854 0.301343 0.143926 0.063545
0 0.153447 0.323271 0.091816 0.078477
0 0.085713 0.298330 0.171426 0.120625
0 0.087070 0.131260 0.172480 0.262520
0 0.127080 0.211538 0.098496 0.074131
0 0.195522 0.258535 0.048975 0.062754
0 0.278950 0.212861 0.053057 0.096270
0 0.192847 0.147412 0.068311 0.056875
0 0.299443 0.092290 0.077520 0.078799
0 0.431421 0.167397 0.136865 0.115518
0 0.267007 0.033354 0.061963 0.047920
0 0.044873 0.023960 0.089746 0.047920
0 0.918789 0.849678 0.056016 0.095684
0 0.878794 0.905557 0.032197 0.034160
0 0.968228 0.964307 0.063545 0.071387
0 0.935645 0.956050 0.082031 0.087900
0 0.856885 0.952217 0.078184 0.090000
0 0.927397 0.899126 0.145205 0.142588
0 0.342720 0.964985 0.095068 0.070029
