0 0.138110 0.054238 0.138271 0.108477
0 0.355811 0.135654 0.266270 0.175137
0 0.543022 0.124399 0.272861 0.189951
0 0.731709 0.056787 0.193457 0.113574
0 0.747939 0.176753 0.161953 0.173369
0 0.763721 0.313281 0.225645 0.183867
0 0.901519 0.131870 0.196963 0.263740
0 0.964214 0.287456 0.071572 0.242119
0 0.932236 0.693726 0.135527 0.182822
0 0.725942 0.696206 0.117432 0.185674
0 0.423887 0.512197 0.271426 0.130449
0 0.060547 0.092168 0.115293 0.108047
0 0.457925 0.308047 0.115850 0.225098
0 0.338926 0.294868 0.162227 0.181182
0 0.193027 0.378042 0.185566 0.137256
0 0.096606 0.459136 0.193213 0.189639
0 0.249956 0.542017 0.295635 0.196982
0 0.383535 0.644370 0.192148 0.107490
0 0.325063 0.755215 0.215771 0.194355
0 0.120503 0.822798 0.145596 0.154814
0 0.067422 0.890151 0.134844 0.219697
0 0.204141 0.934429 0.206152 0.131143
0 0.343838 0.943804 0.170937 0.112393
0 0.581509 0.791997 0.319854 0.163721
0 0.619224 0.872070 0.208838 0.124238
0 0.577974 0.917163 0.302412 0.165674
0 0.634556 0.985488 0.093936 0.029023
0 0.844038 0.972012 0.100459 0.055977
