0 0.561875 0.150137 0.112734 0.299648
0 0.551831 0.811865 0.071182 0.050176
0 0.045869 0.405640 0.091738 0.059795
0 0.456089 0.838589 0.104697 0.097764
0 0.399541 0.878521 0.181191 0.144229
0 0.206855 0.031611 0.074805 0.063223
0 0.181709 0.859424 0.143359 0.170977
0 0.027910 0.830596 0.055820 0.080918
0 0.220635 0.785903 0.149141 0.058135
0 0.217446 0.721919 0.242803 0.100713
0 0.270098 0.561069 0.370312 0.378369
0 0.113682 0.640718 0.227363 0.324658
0 0.370513 0.478545 0.115400 0.445332
0 0.145195 0.256060 0.290391 0.263486
0 0.092124 0.087231 0.115713 0.174463
0 0.077056 0.809805 0.093311 0.037012
0 0.296367 0.481538 0.258750 0.095615
0 0.729985 0.541846 0.164678 0.085312
0 0.472656 0.352510 0.129805 0.071699
0 0.385181 0.259771 0.060615 0.195361
0 0.780049 0.395137 0.141016 0.162012
0 0.607310 0.038535 0.060244 0.077070
0 0.575635 0.766768 0.308164 0.466465
0 0.928076 0.317803 0.143848 0.461543
