0 0.186382 0.677695 0.173271 0.242109
0 0.134961 0.291357 0.251406 0.228633
0 0.294102 0.333960 0.267480 0.222021
0 0.534810 0.165806 0.257432 0.164346
0 0.408467 0.290547 0.168359 0.104082
0 0.601221 0.231108 0.273867 0.198252
0 0.522388 0.392910 0.211826 0.142285
0 0.843330 0.212793 0.115293 0.124629
0 0.852227 0.329429 0.150430 0.122920
0 0.947529 0.141982 0.104941 0.182148
0 0.919067 0.496606 0.161865 0.167354
0 0.876948 0.883491 0.246104 0.233018
0 0.669648 0.693555 0.175313 0.146855
0 0.665015 0.827886 0.268135 0.190107
0 0.495698 0.811270 0.108701 0.082344
0 0.556636 0.924575 0.223994 0.150850
0 0.347793 0.903491 0.247715 0.193018
0 0.218008 0.963447 0.076426 0.073105
0 0.081304 0.742754 0.065225 0.107383
0 0.048721 0.618237 0.097441 0.191709
0 0.306396 0.651245 0.202070 0.205869
0 0.184014 0.488066 0.331094 0.139453
0 0.779507 0.106689 0.175322 0.153691
