0 0.338516 0.130156 0.072656 0.082500
0 0.320937 0.032769 0.048438 0.065537
0 0.472739 0.026875 0.072139 0.053750
0 0.449668 0.275117 0.058945 0.114609
0 0.514551 0.385889 0.055859 0.067871
0 0.508882 0.229458 0.102803 0.176201
0 0.516519 0.488594 0.076787 0.037129
0 0.567236 0.397900 0.048340 0.056348
0 0.683916 0.644771 0.054844 0.085557
0 0.667285 0.570264 0.080664 0.070605
0 0.718467 0.025171 0.047871 0.050342
0 0.723711 0.070332 0.092109 0.035273
0 0.927358 0.120000 0.065342 0.091445
0 0.984717 0.070410 0.030566 0.055273
0 0.978223 0.206973 0.043555 0.136992
0 0.725645 0.452480 0.042539 0.109102
0 0.772168 0.719189 0.046289 0.061816
0 0.771758 0.668105 0.071719 0.043242
0 0.972700 0.369033 0.054600 0.052812
0 0.851743 0.403286 0.079990 0.054170
0 0.258784 0.622085 0.081846 0.072979
0 0.441255 0.814277 0.048096 0.103281
0 0.395176 0.853027 0.071836 0.051680
0 0.502578 0.953574 0.045000 0.035977
0 0.475039 0.988184 0.047109 0.023633
0 0.236943 0.745610 0.062187 0.067471
0 0.041694 0.585488 0.083389 0.082012
0 0.075811 0.668984 0.151621 0.062715
0 0.021377 0.726611 0.042754 0.059902
0 0.364453 0.889453 0.083203 0.056445
0 0.180249 0.890151 0.062646 0.032568
0 0.125132 0.954028 0.030283 0.034795
0 0.034790 0.061904 0.069580 0.064297
0 0.095996 0.034180 0.083320 0.053906
0 0.132852 0.036348 0.077813 0.060820
0 0.182061 0.151006 0.164531 0.158125
0 0.214893 0.257539 0.038359 0.046172
0 0.047124 0.130181 0.094248 0.070732
0 0.140464 0.207383 0.116904 0.081133
0 0.061279 0.196729 0.054004 0.068066
0 0.029141 0.185615 0.058281 0.066973
0 0.017524 0.299214 0.035049 0.053857
0 0.293657 0.374307 0.101533 0.076641
0 0.341606 0.433296 0.091689 0.041631
0 0.338516 0.283740 0.048945 0.071855
0 0.437583 0.405664 0.093799 0.116289
0 0.249854 0.062500 0.070215 0.050781
0 0.069609 0.453989 0.049805 0.041924
0 0.290874 0.731147 0.038896 0.061943
0 0.927383 0.851372 0.092676 0.064404
0 0.964922 0.722187 0.070156 0.049922
0 0.865918 0.641211 0.044727 0.065039
0 0.878926 0.581797 0.066211 0.072188
0 0.970830 0.518096 0.058340 0.110527
0 0.901172 0.532324 0.116016 0.053711
0 0.900898 0.468179 0.062109 0.087080
0 0.162729 0.368667 0.082861 0.156982
0 0.286768 0.526392 0.100410 0.053994
0 0.260000 0.566562 0.064453 0.052734
0 0.367681 0.595410 0.119639 0.074258
0 0.471123 0.653657 0.101250 0.043311
0 0.669917 0.723662 0.080830 0.087754
0 0.589312 0.765732 0.061240 0.036934
0 0.132290 0.534761 0.070264 0.061162
