0 0.065244 0.139312 0.128652 0.109170
0 0.528677 0.760938 0.193291 0.143809
0 0.448862 0.608506 0.157783 0.073652
0 0.304873 0.396367 0.082988 0.080410
0 0.107847 0.328950 0.080752 0.098154
0 0.111943 0.459780 0.084648 0.072666
0 0.208613 0.658594 0.115723 0.136328
0 0.042021 0.632192 0.084043 0.107627
0 0.635854 0.961982 0.072803 0.076035
0 0.291812 0.966504 0.101924 0.066992
0 0.142119 0.960669 0.101289 0.078662
0 0.990010 0.205459 0.019980 0.043594
0 0.240381 0.755078 0.082344 0.056211
0 0.690405 0.435093 0.088506 0.073525
0 0.692173 0.543076 0.045205 0.075977
0 0.379053 0.658833 0.088105 0.076338
0 0.515278 0.033799 0.063877 0.067598
0 0.587563 0.064067 0.092354 0.044033
0 0.669355 0.092617 0.088047 0.082148
0 0.522993 0.202339 0.082041 0.086338
0 0.870430 0.302642 0.054590 0.088408
0 0.990952 0.354717 0.018096 0.063086
0 0.898086 0.444746 0.088418 0.087695
0 0.844282 0.551470 0.119131 0.082021
0 0.956909 0.606274 0.074736 0.088916
0 0.712632 0.723262 0.103525 0.066367
0 0.848179 0.843169 0.094268 0.067920
0 0.675117 0.879385 0.079785 0.052266
0 0.739927 0.292837 0.119717 0.093076
0 0.579092 0.573677 0.089688 0.081963
0 0.559541 0.339688 0.101152 0.102012
0 0.387437 0.142124 0.086475 0.091670
