0 0.513789 0.072109 0.112266 0.045469
0 0.780508 0.981250 0.082266 0.021797
0 0.812754 0.995840 0.078340 0.008320
0 0.181284 0.006899 0.036572 0.013799
0 0.216035 0.724033 0.101250 0.022734
0 0.175244 0.756006 0.078223 0.054004
0 0.211328 0.758496 0.109961 0.034180
0 0.249756 0.786299 0.081641 0.032813
0 0.161719 0.884766 0.099414 0.038477
0 0.253906 0.897363 0.070898 0.031250
0 0.315527 0.909668 0.152930 0.061328
0 0.462305 0.930566 0.096680 0.045312
0 0.428125 0.835547 0.114844 0.051172
0 0.478335 0.771260 0.101982 0.021816
0 0.534810 0.788779 0.174658 0.038535
0 0.519346 0.746450 0.130215 0.052314
0 0.599336 0.909414 0.071250 0.039375
0 0.713945 0.904258 0.077813 0.034219
0 0.712920 0.796289 0.075645 0.032813
0 0.817896 0.864824 0.092568 0.057656
0 0.773828 0.818711 0.134766 0.048516
0 0.882812 0.817578 0.083594 0.057617
0 0.890527 0.802539 0.072070 0.041992
0 0.841094 0.764922 0.068672 0.045234
0 0.863359 0.734102 0.126797 0.083437
0 0.885742 0.726133 0.089063 0.085312
0 0.933437 0.741484 0.031641 0.023203
0 0.887500 0.680664 0.051758 0.046680
0 0.164175 0.978320 0.112529 0.043359
0 0.192500 0.971504 0.093750 0.031250
0 0.034912 0.987988 0.069824 0.024023
0 0.050439 0.914863 0.100879 0.049570
0 0.012383 0.885581 0.024766 0.023525
0 0.046289 0.772666 0.092578 0.022051
0 0.063008 0.747012 0.126016 0.036562
0 0.062695 0.681738 0.122266 0.039258
0 0.156602 0.679141 0.108984 0.049219
0 0.068784 0.595703 0.086064 0.067500
0 0.406689 0.667871 0.201465 0.065625
0 0.425293 0.631641 0.098047 0.044727
0 0.555156 0.672461 0.104063 0.068203
0 0.545898 0.552461 0.112031 0.045937
0 0.713267 0.596128 0.104346 0.039658
0 0.777637 0.521289 0.084766 0.032813
0 0.976221 0.509619 0.047559 0.028613
0 0.866831 0.457329 0.084658 0.043037
0 0.883560 0.420625 0.060186 0.070312
0 0.948530 0.460000 0.068623 0.038809
0 0.991001 0.452627 0.017998 0.026875
0 0.723950 0.406699 0.079033 0.063281
0 0.770605 0.376758 0.088672 0.031055
0 0.693428 0.282793 0.086270 0.069883
0 0.770664 0.332793 0.103828 0.095039
0 0.831016 0.344688 0.116719 0.059531
0 0.826270 0.268945 0.129102 0.083398
0 0.568418 0.424785 0.074141 0.036406
0 0.181753 0.473921 0.142178 0.072021
0 0.033755 0.463955 0.067510 0.053809
0 0.066318 0.413950 0.125762 0.042100
0 0.151040 0.401372 0.108818 0.049775
0 0.055464 0.337271 0.110928 0.054072
0 0.044741 0.231660 0.089482 0.057715
0 0.278506 0.362344 0.120469 0.069277
0 0.393345 0.395439 0.106572 0.043242
0 0.448452 0.383477 0.079111 0.063867
0 0.286572 0.302300 0.148691 0.062275
0 0.257021 0.236211 0.110566 0.036855
0 0.120063 0.155952 0.116494 0.045830
0 0.159644 0.177593 0.062275 0.018428
0 0.015254 0.145630 0.030508 0.020830
0 0.012935 0.126382 0.025869 0.019619
0 0.469946 0.263301 0.104053 0.058242
0 0.563804 0.237485 0.063545 0.047920
0 0.435264 0.131777 0.076563 0.050527
0 0.357358 0.131138 0.145400 0.092002
0 0.307222 0.050532 0.105967 0.101064
0 0.441514 0.010625 0.049160 0.021250
0 0.452969 0.031094 0.074063 0.034688
0 0.493750 0.109375 0.097031 0.028125
0 0.584868 0.016064 0.084756 0.032129
0 0.713486 0.068345 0.120684 0.050967
0 0.808291 0.118979 0.090742 0.059482
0 0.881685 0.126602 0.096455 0.060234
0 0.908374 0.066553 0.061377 0.043086
0 0.945356 0.049966 0.101025 0.046514
0 0.932100 0.331104 0.135801 0.149336
