0 0.471963 0.884126 0.091836 0.146357
0 0.528462 0.924844 0.058467 0.097930
0 0.682891 0.920176 0.126270 0.119453
0 0.326255 0.508979 0.124404 0.156689
0 0.245112 0.567954 0.147217 0.126553
0 0.153208 0.702905 0.120967 0.078779
0 0.105430 0.801479 0.163145 0.170029
0 0.204863 0.895967 0.140762 0.179063
0 0.568799 0.650820 0.148906 0.097715
0 0.823481 0.305586 0.183096 0.114336
0 0.935605 0.328838 0.128789 0.176484
0 0.937935 0.227500 0.109053 0.105820
0 0.859736 0.171538 0.121250 0.112275
0 0.772930 0.206157 0.118379 0.114072
0 0.686831 0.224268 0.089678 0.065645
0 0.712671 0.057295 0.073174 0.093984
0 0.726650 0.380132 0.144199 0.132725
0 0.655444 0.282920 0.067080 0.068867
0 0.648452 0.343364 0.080361 0.062783
0 0.575479 0.272334 0.116523 0.122324
0 0.886431 0.929180 0.137217 0.126445
0 0.942095 0.898237 0.115811 0.143486
0 0.909897 0.746084 0.179951 0.176367
0 0.774180 0.703037 0.115391 0.095059
0 0.700649 0.590791 0.140498 0.097754
0 0.230747 0.332524 0.174365 0.155557
0 0.296787 0.237769 0.130117 0.121885
0 0.352515 0.314082 0.116396 0.102109
0 0.470825 0.298159 0.126826 0.143838
0 0.482085 0.194946 0.082354 0.094424
0 0.389023 0.221025 0.111445 0.073027
0 0.066865 0.409609 0.133730 0.100195
0 0.051538 0.311201 0.103076 0.132305
0 0.068306 0.150659 0.107061 0.168818
0 0.215259 0.063735 0.112002 0.098818
0 0.540000 0.074717 0.126270 0.130664
0 0.956392 0.102168 0.087217 0.120234
0 0.674639 0.647437 0.112988 0.085498
0 0.722490 0.796743 0.120527 0.112354
0 0.635537 0.773286 0.129141 0.210928
0 0.564082 0.709150 0.109336 0.098145
0 0.416001 0.643286 0.222979 0.124834
0 0.506182 0.563223 0.205332 0.101582
0 0.442012 0.742295 0.095781 0.087813
0 0.362017 0.777407 0.080713 0.112998
0 0.386948 0.892915 0.094697 0.158916
