0 0.044517 0.614966 0.089033 0.090283
0 0.119829 0.520679 0.094775 0.069053
0 0.760713 0.377261 0.166699 0.109834
0 0.552222 0.376772 0.202666 0.165244
0 0.936880 0.094956 0.126240 0.189912
0 0.103994 0.021982 0.031055 0.032734
0 0.026348 0.118467 0.052695 0.055762
0 0.077358 0.474331 0.142588 0.095654
0 0.159209 0.410107 0.102051 0.099219
0 0.046089 0.424687 0.092178 0.119883
0 0.024624 0.322627 0.049248 0.080195
0 0.078511 0.259409 0.121494 0.091123
0 0.159634 0.189785 0.076514 0.096797
0 0.100981 0.181426 0.076221 0.067500
0 0.104028 0.102813 0.110771 0.106641
0 0.047778 0.062310 0.095557 0.083701
0 0.723008 0.080430 0.149609 0.097910
0 0.703330 0.198696 0.215488 0.225557
0 0.860488 0.047422 0.042090 0.094844
0 0.379966 0.062637 0.248701 0.120781
0 0.195254 0.025005 0.059238 0.050010
0 0.228271 0.072871 0.073066 0.111602
0 0.783853 0.255088 0.115752 0.104082
0 0.971440 0.399014 0.057119 0.177285
0 0.968125 0.294531 0.063750 0.115781
0 0.379453 0.399111 0.148164 0.121777
0 0.306328 0.339355 0.089102 0.083398
0 0.244395 0.312231 0.052988 0.066826
0 0.237813 0.264927 0.093145 0.042412
0 0.296929 0.240649 0.047822 0.123057
0 0.034814 0.694141 0.069629 0.122070
0 0.059282 0.543179 0.118564 0.083115
0 0.184077 0.912871 0.159893 0.155938
0 0.257510 0.849687 0.084082 0.105391
0 0.330234 0.935156 0.041055 0.129688
0 0.290474 0.941714 0.060674 0.116572
0 0.183726 0.960669 0.067275 0.078662
0 0.659570 0.955996 0.059766 0.088008
0 0.618750 0.990977 0.046250 0.018047
0 0.728618 0.990576 0.036514 0.018848
0 0.712773 0.893662 0.079512 0.181406
0 0.765088 0.922642 0.067227 0.154717
0 0.816523 0.923853 0.090723 0.152295
0 0.921421 0.955645 0.098818 0.088711
0 0.883789 0.873662 0.041172 0.092129
0 0.958140 0.888579 0.083721 0.110811
0 0.626094 0.709199 0.137051 0.115664
0 0.796543 0.667788 0.088770 0.103955
0 0.841938 0.635723 0.098545 0.102598
0 0.792812 0.577187 0.097500 0.089766
0 0.710820 0.543755 0.119141 0.079990
0 0.929180 0.626108 0.125215 0.128584
0 0.917451 0.534580 0.128887 0.134727
0 0.847466 0.502212 0.034404 0.041982
0 0.037686 0.891460 0.075371 0.135654
0 0.057227 0.826055 0.114453 0.101270
0 0.128223 0.772583 0.089102 0.186299
0 0.181685 0.719727 0.110967 0.131621
0 0.308047 0.711631 0.102871 0.150254
0 0.278687 0.666470 0.082217 0.132842
0 0.220767 0.632246 0.070068 0.055488
0 0.210273 0.569780 0.064863 0.114814
0 0.241865 0.494146 0.123184 0.098545
