0 0.407778 0.961470 0.223721 0.077061
0 0.784312 0.357319 0.112549 0.093604
0 0.808677 0.444497 0.221670 0.245459
0 0.902793 0.526411 0.194414 0.278076
0 0.659194 0.461426 0.222236 0.265586
0 0.673003 0.630020 0.329678 0.177285
0 0.529297 0.695952 0.264082 0.174639
0 0.888135 0.794092 0.223730 0.207969
0 0.752974 0.913887 0.186670 0.172227
0 0.636304 0.932187 0.203135 0.135625
0 0.489038 0.907690 0.123525 0.101787
0 0.437393 0.835845 0.290137 0.203174
0 0.059985 0.926367 0.119971 0.113848
0 0.088252 0.666992 0.176504 0.196328
0 0.800728 0.213066 0.187764 0.237168
0 0.933472 0.033403 0.133057 0.066807
0 0.813574 0.036367 0.117266 0.072734
0 0.494707 0.415981 0.276699 0.271436
0 0.265122 0.599536 0.207764 0.265635
0 0.188281 0.375410 0.240020 0.231953
0 0.024648 0.394839 0.049297 0.189307
0 0.038877 0.184482 0.077754 0.215352
0 0.132310 0.057329 0.173037 0.114658
