0 0.069590 0.093516 0.081973 0.100078
0 0.076641 0.022080 0.054902 0.044160
0 0.019355 0.059292 0.038711 0.082354
0 0.048813 0.052432 0.024404 0.051465
0 0.034604 0.189780 0.069209 0.135537
0 0.048389 0.257417 0.096777 0.159092
0 0.043467 0.379175 0.086934 0.165850
0 0.047998 0.439995 0.077246 0.059658
0 0.039395 0.699858 0.078789 0.114619
0 0.574390 0.030732 0.046650 0.061465
0 0.616025 0.070386 0.045762 0.088896
0 0.667969 0.075654 0.084844 0.149238
0 0.620562 0.150703 0.084561 0.098457
0 0.512637 0.097139 0.088398 0.194277
0 0.445444 0.099180 0.118779 0.131250
0 0.473491 0.316147 0.077764 0.077354
0 0.557324 0.330728 0.063184 0.073311
0 0.654927 0.301768 0.093955 0.056699
0 0.586240 0.449067 0.078242 0.103760
0 0.699517 0.582734 0.109014 0.158965
0 0.554487 0.569272 0.083838 0.066416
0 0.530879 0.631475 0.099844 0.088770
0 0.622817 0.711577 0.118975 0.131787
0 0.617778 0.777461 0.111377 0.119102
0 0.544766 0.765137 0.053789 0.076367
0 0.508320 0.736333 0.076953 0.081006
0 0.385605 0.826748 0.173340 0.203516
0 0.338867 0.663999 0.221621 0.152607
0 0.454658 0.955732 0.101250 0.088535
0 0.926528 0.241426 0.146943 0.079707
0 0.954146 0.366572 0.068037 0.057832
0 0.991406 0.353203 0.017188 0.035957
0 0.974399 0.423965 0.051201 0.075234
0 0.497925 0.548716 0.082744 0.050830
0 0.399907 0.549937 0.152119 0.098076
