0 0.628789 0.625532 0.135703 0.066143
0 0.061294 0.617808 0.122588 0.047607
0 0.110605 0.577451 0.221211 0.086445
0 0.296519 0.926216 0.080967 0.034150
0 0.344307 0.995591 0.045957 0.008818
0 0.383911 0.910703 0.096943 0.039648
0 0.478213 0.890391 0.124922 0.044746
0 0.521162 0.847080 0.169883 0.054980
0 0.601382 0.991514 0.047686 0.016973
0 0.743989 0.934595 0.126709 0.044736
0 0.622622 0.175942 0.036201 0.028252
0 0.559717 0.488384 0.169395 0.102549
0 0.724023 0.006904 0.093750 0.013809
0 0.739717 0.028018 0.055684 0.043594
0 0.908242 0.010410 0.108828 0.020820
0 0.832671 0.060356 0.127119 0.041904
0 0.960640 0.132080 0.076221 0.109121
0 0.808735 0.118120 0.164229 0.101260
0 0.960352 0.332031 0.079297 0.048633
0 0.940464 0.353066 0.089580 0.052734
0 0.984692 0.378169 0.030615 0.053154
0 0.960107 0.366528 0.047246 0.152041
0 0.924316 0.251709 0.151367 0.066113
0 0.772900 0.163525 0.074902 0.143652
0 0.754355 0.190918 0.132305 0.036445
0 0.757627 0.259863 0.128340 0.065156
0 0.527607 0.085391 0.193730 0.064961
0 0.605908 0.277002 0.107910 0.052441
0 0.727490 0.312402 0.113379 0.048438
0 0.680742 0.422139 0.107969 0.051230
0 0.984238 0.644824 0.031523 0.021875
0 0.671680 0.465430 0.188281 0.081250
0 0.737793 0.562368 0.148438 0.058135
0 0.952295 0.568896 0.095410 0.044629
0 0.828662 0.597266 0.171699 0.045566
0 0.587598 0.553286 0.090234 0.062178
0 0.054941 0.656914 0.109883 0.061387
0 0.464658 0.512246 0.187656 0.042520
0 0.332949 0.542197 0.210098 0.099062
0 0.481108 0.590962 0.102100 0.049443
0 0.355703 0.384795 0.102813 0.028848
0 0.414541 0.397495 0.095176 0.064795
0 0.415044 0.190776 0.061084 0.063447
0 0.554453 0.011826 0.126973 0.023652
0 0.324243 0.092070 0.138232 0.040352
0 0.176934 0.021797 0.346074 0.043594
0 0.110195 0.100933 0.220391 0.055264
0 0.229321 0.174619 0.268174 0.097168
0 0.171807 0.179893 0.097168 0.058223
0 0.024092 0.116274 0.048184 0.035947
0 0.042451 0.173789 0.084902 0.074141
0 0.129351 0.199819 0.155322 0.120889
0 0.116895 0.234043 0.101660 0.092949
0 0.265278 0.285361 0.140908 0.036953
0 0.054214 0.231025 0.108428 0.053828
0 0.056475 0.267603 0.112949 0.030811
0 0.087837 0.288667 0.175674 0.038389
0 0.171230 0.308140 0.090957 0.055693
0 0.176514 0.373604 0.156660 0.033047
0 0.123076 0.394727 0.177187 0.106523
0 0.148413 0.515972 0.218408 0.067061
0 0.141548 0.502129 0.283096 0.206660
0 0.566455 0.629224 0.102266 0.075127
0 0.786226 0.636514 0.139951 0.040625
0 0.815308 0.695249 0.069795 0.075166
0 0.869746 0.780259 0.082031 0.040869
0 0.488994 0.658833 0.115957 0.036045
0 0.507515 0.695435 0.111982 0.043623
0 0.676157 0.716128 0.155107 0.044150
0 0.475527 0.765371 0.089492 0.042773
0 0.293296 0.620498 0.241611 0.064863
0 0.330068 0.670044 0.197910 0.050713
0 0.362158 0.727148 0.226816 0.059043
0 0.220923 0.716392 0.183623 0.038018
0 0.964551 0.934922 0.070898 0.056680
0 0.867383 0.988130 0.140937 0.023740
0 0.845586 0.864453 0.150039 0.062793
0 0.053779 0.986855 0.107559 0.026133
0 0.055864 0.948345 0.070693 0.022373
0 0.080659 0.883481 0.161318 0.086553
