0 0.161460 0.152554 0.290811 0.156318
0 0.082783 0.028447 0.050547 0.056895
0 0.025879 0.151963 0.051758 0.053437
0 0.754658 0.539487 0.233809 0.143994
0 0.951987 0.958945 0.096025 0.082109
0 0.822461 0.895698 0.193945 0.208604
0 0.101772 0.973457 0.203545 0.053086
0 0.111392 0.925537 0.222783 0.078027
0 0.182676 0.869736 0.365352 0.098770
0 0.241753 0.765215 0.433408 0.103672
0 0.256055 0.723027 0.324121 0.074180
0 0.076567 0.624878 0.082725 0.199443
0 0.737065 0.884702 0.090850 0.175908
0 0.709272 0.825337 0.183857 0.349326
0 0.602573 0.907573 0.067686 0.184854
0 0.550469 0.852124 0.171895 0.060889
0 0.429336 0.868091 0.126484 0.263818
0 0.777593 0.705005 0.347373 0.160322
0 0.847764 0.452671 0.220352 0.128604
0 0.810137 0.407236 0.298750 0.233164
0 0.645986 0.454932 0.098223 0.225098
0 0.979141 0.305308 0.041719 0.442217
0 0.927886 0.302241 0.079268 0.444033
0 0.630454 0.361113 0.126201 0.149297
0 0.578750 0.643638 0.183926 0.081768
0 0.462734 0.490122 0.432871 0.292588
0 0.731812 0.346538 0.363936 0.211025
0 0.850557 0.210967 0.297344 0.209316
0 0.714854 0.090293 0.177207 0.108242
0 0.645181 0.024023 0.217471 0.048047
0 0.720815 0.247744 0.207979 0.322207
0 0.544644 0.136372 0.191416 0.156611
0 0.415493 0.341162 0.096201 0.103770
0 0.499702 0.295771 0.436436 0.202266
0 0.423550 0.140322 0.129150 0.280645
0 0.343755 0.116929 0.114150 0.117119
0 0.288711 0.284644 0.261172 0.099736
0 0.024658 0.604399 0.049316 0.073838
0 0.076611 0.419316 0.153223 0.306836
0 0.143584 0.113477 0.238574 0.226953
0 0.269546 0.371841 0.119170 0.127275
0 0.243848 0.564053 0.251621 0.234687
0 0.186821 0.347144 0.178818 0.319893
0 0.124502 0.513506 0.136719 0.149629
0 0.296421 0.070352 0.179678 0.140703
