0 0.144155 0.944702 0.045225 0.030713
0 0.048809 0.860161 0.082012 0.037803
0 0.065015 0.800425 0.040166 0.060068
0 0.035122 0.741025 0.070244 0.038477
0 0.040186 0.700020 0.080371 0.042188
0 0.120698 0.661880 0.059736 0.036787
0 0.083911 0.643657 0.076611 0.032061
0 0.067207 0.611089 0.043203 0.041182
0 0.052354 0.565693 0.062773 0.037461
0 0.737759 0.013267 0.052510 0.026533
0 0.885625 0.029253 0.053750 0.046865
0 0.812500 0.196797 0.053672 0.058359
0 0.719004 0.258774 0.056230 0.027061
0 0.677520 0.264756 0.064336 0.063809
0 0.648398 0.189917 0.064648 0.075010
0 0.515356 0.223564 0.067959 0.082070
0 0.474209 0.218159 0.034199 0.034639
0 0.445908 0.234878 0.064434 0.033174
0 0.517554 0.285464 0.071807 0.079111
0 0.449722 0.289116 0.101982 0.069268
0 0.324858 0.264966 0.096260 0.047021
0 0.344556 0.240664 0.091826 0.063223
0 0.227690 0.208760 0.105635 0.054004
0 0.308042 0.187974 0.083662 0.059834
0 0.116753 0.129331 0.081807 0.083408
0 0.408257 0.066313 0.063271 0.037334
0 0.730254 0.079707 0.028906 0.030664
0 0.911069 0.068579 0.060674 0.048740
0 0.066870 0.459888 0.059736 0.056357
0 0.229565 0.703125 0.036162 0.046074
0 0.206675 0.743652 0.037607 0.212285
0 0.066714 0.022397 0.076260 0.044795
0 0.127397 0.047334 0.060361 0.040039
0 0.309287 0.026362 0.049883 0.045752
0 0.458354 0.012705 0.077100 0.025410
0 0.886489 0.291646 0.079990 0.043877
0 0.942725 0.301235 0.050703 0.039658
0 0.761040 0.311084 0.063174 0.024297
0 0.786348 0.375273 0.090313 0.066016
0 0.438906 0.339204 0.056523 0.037686
0 0.527222 0.397285 0.093486 0.046914
0 0.365552 0.369604 0.036787 0.041514
0 0.390195 0.412808 0.098887 0.050967
0 0.263296 0.410273 0.077959 0.041172
0 0.064844 0.399644 0.107324 0.048604
0 0.104502 0.373657 0.108848 0.050068
0 0.009390 0.328184 0.018779 0.058477
0 0.274766 0.270552 0.092813 0.053330
0 0.195273 0.266055 0.096797 0.057422
0 0.788638 0.479966 0.036846 0.043877
0 0.839263 0.540298 0.059346 0.040225
0 0.661445 0.562422 0.059766 0.036562
0 0.563242 0.530781 0.043359 0.032109
0 0.443594 0.502539 0.053437 0.048281
0 0.532422 0.574468 0.047813 0.059912
0 0.499092 0.610049 0.075098 0.044434
0 0.481523 0.572510 0.066367 0.036816
0 0.634258 0.639062 0.095625 0.054141
0 0.826470 0.611450 0.033467 0.036846
0 0.893408 0.687388 0.059902 0.033467
0 0.641797 0.727358 0.074590 0.055010
0 0.728706 0.804473 0.128916 0.035098
0 0.978765 0.875859 0.042471 0.026660
0 0.921421 0.895093 0.062100 0.044209
0 0.971680 0.972051 0.056641 0.055898
0 0.794053 0.948730 0.095684 0.041211
0 0.703281 0.883281 0.071953 0.028828
0 0.703516 0.921484 0.044766 0.053203
0 0.670000 0.934023 0.074297 0.040313
0 0.579814 0.959502 0.086621 0.052031
0 0.560547 0.865283 0.053711 0.040781
0 0.511357 0.780679 0.067832 0.055010
0 0.435586 0.738828 0.037793 0.036113
0 0.440649 0.659180 0.037803 0.036113
0 0.419219 0.828472 0.042129 0.073701
0 0.429546 0.900361 0.043330 0.040098
0 0.365757 0.954629 0.045361 0.048203
0 0.339028 0.910483 0.098818 0.052236
