0 0.578232 0.068882 0.157168 0.137764
0 0.910195 0.073472 0.179609 0.146943
0 0.754888 0.138521 0.230967 0.240557
0 0.946133 0.307964 0.107734 0.277646
0 0.852212 0.469819 0.295576 0.164756
0 0.904639 0.578818 0.190723 0.136582
0 0.064307 0.127764 0.128613 0.170586
0 0.397153 0.914858 0.201025 0.170283
0 0.560581 0.732583 0.297881 0.176943
0 0.332236 0.563623 0.447754 0.283340
0 0.054766 0.585405 0.109531 0.243525
0 0.781094 0.687241 0.222344 0.246416
0 0.255415 0.326328 0.088232 0.165352
0 0.176768 0.228691 0.334473 0.410605
0 0.533516 0.278125 0.214375 0.208164
