0 0.119219 0.987285 0.070078 0.025430
0 0.427007 0.290386 0.111201 0.037490
0 0.455757 0.226685 0.071494 0.057510
0 0.615410 0.157900 0.038125 0.039395
0 0.320195 0.626406 0.097500 0.035859
0 0.557207 0.528325 0.159434 0.056924
0 0.684473 0.504102 0.095098 0.049199
0 0.788564 0.495474 0.052422 0.027959
0 0.850146 0.560234 0.091348 0.038652
0 0.331743 0.459385 0.107764 0.054062
0 0.841655 0.489946 0.078916 0.036982
0 0.966904 0.400898 0.066191 0.065762
0 0.234971 0.442417 0.076777 0.040244
0 0.231528 0.417124 0.100615 0.042100
0 0.060957 0.386680 0.121914 0.041563
0 0.043882 0.437119 0.087764 0.041836
0 0.019629 0.467041 0.039258 0.048730
0 0.167676 0.501758 0.079687 0.044922
0 0.859492 0.833242 0.070312 0.037031
0 0.355469 0.685820 0.089297 0.061406
0 0.823906 0.222393 0.078633 0.040352
0 0.793315 0.234146 0.041182 0.042822
0 0.615566 0.200566 0.097598 0.050332
0 0.721367 0.167778 0.040039 0.044990
0 0.267510 0.036689 0.101348 0.056230
0 0.342808 0.047808 0.035908 0.031455
0 0.189170 0.095439 0.039980 0.065391
0 0.732329 0.082993 0.100342 0.068838
0 0.832725 0.093403 0.055918 0.056865
0 0.836382 0.046221 0.091182 0.045742
0 0.573311 0.079424 0.105488 0.060684
0 0.434307 0.101187 0.059414 0.041943
0 0.317734 0.532422 0.101016 0.048516
0 0.083130 0.093057 0.095322 0.049512
0 0.076514 0.036665 0.061953 0.061162
0 0.429766 0.856094 0.057422 0.025313
0 0.353613 0.496265 0.091816 0.040674
0 0.461343 0.427720 0.076514 0.050303
0 0.572544 0.438838 0.073877 0.046602
0 0.518188 0.324858 0.057510 0.115654
0 0.567749 0.351069 0.041299 0.038135
0 0.497148 0.852930 0.055781 0.048984
0 0.526563 0.606738 0.101953 0.047852
0 0.519062 0.705391 0.043359 0.031406
0 0.627109 0.702930 0.093984 0.039609
0 0.912305 0.679028 0.058730 0.063994
0 0.947661 0.690698 0.067881 0.046025
0 0.920195 0.731758 0.066562 0.043594
0 0.932148 0.793750 0.055313 0.037734
0 0.874727 0.801367 0.043594 0.029531
0 0.832188 0.794570 0.050391 0.030000
0 0.934844 0.856680 0.043594 0.041484
0 0.968896 0.947363 0.062207 0.043359
0 0.989502 0.975586 0.020996 0.025586
0 0.957026 0.988330 0.054482 0.023340
0 0.710313 0.992285 0.073086 0.015430
0 0.711035 0.958887 0.083594 0.052539
0 0.570083 0.985352 0.076338 0.029297
0 0.425547 0.994233 0.037402 0.011533
0 0.373657 0.966670 0.044443 0.049219
0 0.268608 0.920825 0.057100 0.031221
0 0.052285 0.971465 0.104570 0.057070
0 0.131919 0.886372 0.109404 0.054561
0 0.032705 0.850234 0.065410 0.042461
0 0.104922 0.832939 0.095352 0.042188
0 0.174951 0.816768 0.074531 0.031777
0 0.105205 0.788223 0.061035 0.042188
0 0.345391 0.372251 0.064687 0.028975
0 0.308550 0.375342 0.041064 0.024473
0 0.115303 0.245405 0.079648 0.068857
0 0.041499 0.235703 0.056807 0.052031
0 0.033545 0.203472 0.067090 0.053486
0 0.471851 0.381045 0.050420 0.045645
0 0.228555 0.664023 0.089531 0.060937
0 0.199219 0.737598 0.078320 0.047852
0 0.087764 0.717207 0.042754 0.040781
0 0.040366 0.542129 0.080732 0.046406
0 0.154985 0.601611 0.078193 0.050625
0 0.043320 0.604282 0.086641 0.041338
0 0.715820 0.933301 0.045898 0.044336
0 0.356445 0.813672 0.082344 0.041016
0 0.819702 0.379663 0.061006 0.072764
0 0.818838 0.286885 0.067520 0.047656
0 0.807700 0.326162 0.052295 0.063984
0 0.925186 0.185220 0.074980 0.033994
