0 0.157148 0.224819 0.054336 0.043877
0 0.458887 0.447363 0.030078 0.035937
0 0.262451 0.339741 0.030039 0.036787
0 0.430698 0.461406 0.070537 0.107656
0 0.505620 0.481992 0.058389 0.080664
0 0.194355 0.197173 0.050625 0.045283
0 0.025049 0.149121 0.050098 0.065176
0 0.122559 0.072773 0.043535 0.064121
0 0.139092 0.131416 0.097871 0.083867
0 0.050781 0.043633 0.061875 0.047578
0 0.346147 0.396099 0.055010 0.130615
0 0.251523 0.505117 0.057188 0.045703
0 0.076914 0.463633 0.070547 0.042422
0 0.071484 0.343066 0.055273 0.054688
0 0.024707 0.259961 0.049414 0.043555
0 0.324048 0.112095 0.068174 0.063447
0 0.403467 0.078062 0.043027 0.066650
0 0.499233 0.044028 0.039658 0.051748
0 0.583667 0.146094 0.045732 0.121328
0 0.715093 0.028418 0.052881 0.042188
0 0.816484 0.201953 0.062715 0.045566
0 0.902544 0.011538 0.036279 0.023076
0 0.976489 0.175542 0.047021 0.042529
0 0.927495 0.205239 0.069189 0.045225
0 0.941836 0.365557 0.047246 0.076270
0 0.860840 0.374512 0.064648 0.072461
0 0.912344 0.443945 0.055313 0.068437
0 0.586279 0.437852 0.108535 0.093555
0 0.474204 0.360156 0.050068 0.049785
0 0.633359 0.264136 0.039824 0.039150
0 0.630156 0.329277 0.031387 0.038477
0 0.986445 0.304639 0.027109 0.038145
0 0.746733 0.411343 0.038525 0.068350
0 0.646562 0.504180 0.054609 0.048047
0 0.667871 0.530977 0.055078 0.048203
0 0.981484 0.654766 0.037031 0.058594
0 0.773027 0.636904 0.045000 0.058496
0 0.855298 0.719316 0.036846 0.081562
0 0.939810 0.762485 0.052314 0.047529
0 0.907046 0.799326 0.064404 0.074531
0 0.865283 0.889048 0.082969 0.045850
0 0.709375 0.786719 0.042891 0.042656
0 0.710664 0.685000 0.045469 0.058594
0 0.655049 0.721841 0.035156 0.053721
0 0.453530 0.644639 0.032061 0.099277
0 0.501060 0.731123 0.071436 0.064687
0 0.520894 0.828159 0.033467 0.034033
0 0.442285 0.815220 0.042188 0.033467
0 0.367188 0.758262 0.046680 0.059062
0 0.384624 0.828018 0.106318 0.083809
0 0.332124 0.813965 0.047061 0.041211
0 0.288774 0.654795 0.070869 0.071895
0 0.239331 0.672681 0.061084 0.083369
0 0.242197 0.765659 0.037129 0.043877
0 0.183477 0.745752 0.091797 0.103945
0 0.057417 0.766841 0.055693 0.057041
0 0.037231 0.834341 0.074463 0.070537
0 0.138926 0.833164 0.054004 0.033750
0 0.192085 0.901509 0.058389 0.044209
0 0.243213 0.907583 0.042520 0.044209
0 0.071260 0.925972 0.094160 0.033076
0 0.020186 0.962930 0.040371 0.026660
0 0.321343 0.297886 0.041846 0.032061
0 0.207100 0.265322 0.074590 0.039824
