0 0.465825 0.903345 0.061338 0.102373
0 0.165298 0.255889 0.057646 0.053809
0 0.087065 0.303379 0.084541 0.080703
0 0.244087 0.275103 0.062588 0.063682
0 0.286631 0.163379 0.119141 0.089492
0 0.211963 0.053301 0.094980 0.079062
0 0.412358 0.079380 0.093877 0.074111
0 0.881875 0.976299 0.104082 0.047402
0 0.082124 0.196318 0.101025 0.075215
0 0.382231 0.725640 0.094502 0.087471
0 0.249624 0.830801 0.121162 0.073574
0 0.225156 0.664326 0.082969 0.095625
0 0.407407 0.446782 0.090850 0.072842
0 0.451797 0.388257 0.086953 0.068389
0 0.241328 0.477998 0.110820 0.132754
0 0.041353 0.455640 0.082705 0.067217
0 0.029082 0.939438 0.058164 0.077354
0 0.064702 0.802422 0.048936 0.041621
0 0.531216 0.049736 0.086748 0.086191
0 0.698667 0.082124 0.097725 0.112549
0 0.886431 0.172437 0.072471 0.058193
0 0.734629 0.195225 0.065332 0.044473
0 0.612471 0.219375 0.083457 0.055449
0 0.746704 0.297612 0.074111 0.082354
0 0.470825 0.236675 0.103213 0.087842
0 0.927554 0.511509 0.128467 0.091572
0 0.694985 0.616592 0.119248 0.162070
0 0.545439 0.540825 0.090254 0.098818
0 0.490093 0.734004 0.088037 0.097305
0 0.674854 0.865103 0.146016 0.088076
0 0.773794 0.877495 0.085400 0.098369
