0 0.457705 0.490264 0.188809 0.227207
0 0.406772 0.657974 0.173135 0.169287
0 0.095117 0.915254 0.115762 0.169492
0 0.030869 0.669844 0.061738 0.133887
0 0.092891 0.542349 0.137148 0.235498
0 0.020894 0.548770 0.041787 0.217070
0 0.731929 0.988193 0.146279 0.023613
0 0.820483 0.846504 0.122100 0.155117
0 0.606895 0.671777 0.106172 0.087422
0 0.684058 0.536680 0.277510 0.244707
0 0.173184 0.555825 0.063340 0.118975
0 0.294434 0.651499 0.079902 0.126260
0 0.267607 0.557896 0.130059 0.148428
0 0.177646 0.432505 0.210234 0.153096
0 0.206689 0.291841 0.125469 0.219189
0 0.083672 0.271514 0.155840 0.153613
0 0.049102 0.090532 0.083594 0.178115
0 0.372988 0.062358 0.184414 0.124717
0 0.360908 0.319297 0.064805 0.148027
0 0.283853 0.276792 0.097822 0.196826
0 0.544375 0.775732 0.245020 0.155723
0 0.633740 0.346196 0.133379 0.082354
0 0.874468 0.084043 0.070029 0.085898
0 0.463794 0.364692 0.136475 0.076006
0 0.528008 0.311636 0.117793 0.125381
0 0.428999 0.279370 0.134561 0.091123
0 0.516499 0.194980 0.120557 0.135918
0 0.623740 0.190332 0.122285 0.162715
0 0.589380 0.039326 0.104697 0.078652
0 0.724155 0.067803 0.156006 0.135605
0 0.968267 0.254482 0.063467 0.110801
0 0.902148 0.279219 0.080918 0.082129
0 0.883525 0.491260 0.232695 0.211699
0 0.918604 0.649746 0.161250 0.132676
0 0.853257 0.725601 0.193994 0.180557
0 0.946543 0.779951 0.106914 0.183125
0 0.146343 0.681094 0.067607 0.083145
0 0.192422 0.772046 0.150234 0.173213
0 0.190029 0.910361 0.183809 0.107988
0 0.695625 0.940723 0.091387 0.077051
0 0.625864 0.741265 0.204443 0.113955
0 0.530059 0.648394 0.116406 0.097002
0 0.511211 0.033843 0.082930 0.067686
0 0.570869 0.449448 0.074180 0.081885
0 0.311943 0.875444 0.167344 0.090107
0 0.517603 0.877812 0.218389 0.137246
