0 0.767944 0.261392 0.102256 0.168076
0 0.904893 0.256260 0.066660 0.107012
0 0.979502 0.246509 0.040996 0.088896
0 0.902222 0.328384 0.090283 0.092139
0 0.869702 0.116704 0.091533 0.137900
0 0.701553 0.043457 0.114434 0.086914
0 0.666885 0.160635 0.076641 0.046543
0 0.584780 0.403550 0.074111 0.088291
0 0.483145 0.254512 0.095273 0.118242
0 0.415591 0.287715 0.044346 0.056289
0 0.303613 0.272021 0.077148 0.095371
0 0.253389 0.247520 0.109551 0.102266
0 0.183901 0.243677 0.102061 0.158623
0 0.037603 0.255137 0.075205 0.066797
0 0.116616 0.161699 0.099424 0.138516
0 0.429263 0.026714 0.061162 0.053428
0 0.163452 0.125479 0.081689 0.093516
0 0.168506 0.072603 0.073262 0.055830
0 0.169253 0.028013 0.077627 0.056025
0 0.031450 0.101313 0.062568 0.084443
0 0.027114 0.031875 0.054229 0.063750
0 0.348726 0.035645 0.118545 0.071191
0 0.241782 0.649292 0.084268 0.074072
0 0.124917 0.577305 0.065811 0.089414
0 0.042910 0.603511 0.085820 0.061357
0 0.048037 0.677646 0.083828 0.090156
0 0.032046 0.871069 0.064092 0.062021
0 0.064390 0.953359 0.128779 0.093281
0 0.324907 0.589375 0.103350 0.081914
0 0.418540 0.692759 0.086768 0.109834
0 0.336147 0.801812 0.114072 0.149678
0 0.981055 0.778369 0.037891 0.035449
0 0.810986 0.872168 0.105957 0.163477
0 0.944150 0.890137 0.111699 0.156328
0 0.724976 0.946436 0.115381 0.107129
0 0.639580 0.886245 0.079922 0.071162
0 0.648745 0.819536 0.044209 0.071963
0 0.784243 0.740952 0.080010 0.106533
0 0.793320 0.646367 0.131699 0.162207
0 0.635298 0.676396 0.092939 0.103242
0 0.583076 0.746470 0.051699 0.110693
0 0.563975 0.647129 0.054297 0.058223
0 0.489956 0.594165 0.120381 0.111377
0 0.254043 0.588613 0.070898 0.060586
0 0.266748 0.520605 0.102246 0.080859
0 0.196567 0.586235 0.083662 0.125557
0 0.127437 0.486367 0.117646 0.109355
0 0.398262 0.502974 0.049277 0.033408
0 0.899507 0.543877 0.121260 0.101094
0 0.959048 0.426021 0.081904 0.078975
0 0.846655 0.465146 0.094775 0.090391
0 0.788730 0.456294 0.061426 0.069521
0 0.891235 0.433506 0.125811 0.121309
0 0.677021 0.387549 0.113203 0.162402
