0 0.498276 0.221597 0.077842 0.047393
0 0.591455 0.948521 0.056113 0.102959
0 0.752939 0.927622 0.104980 0.144756
0 0.801538 0.854512 0.082627 0.083105
0 0.917690 0.761934 0.069014 0.104004
0 0.823408 0.712114 0.050547 0.141436
0 0.692275 0.619839 0.125977 0.044092
0 0.255493 0.780850 0.045635 0.065469
0 0.212749 0.788901 0.054424 0.094775
0 0.177515 0.726694 0.107412 0.104482
0 0.054375 0.735693 0.108750 0.075840
0 0.163564 0.477778 0.080996 0.113740
0 0.060962 0.487056 0.094502 0.037803
0 0.133735 0.078374 0.079150 0.041182
0 0.336377 0.022568 0.035215 0.045137
0 0.368945 0.102061 0.080488 0.064609
0 0.372119 0.154883 0.042363 0.049512
0 0.062988 0.410610 0.108008 0.134658
0 0.172173 0.369609 0.047588 0.095176
0 0.231460 0.339106 0.078252 0.085049
0 0.224414 0.240693 0.057344 0.061230
0 0.176470 0.217925 0.076299 0.069990
0 0.121138 0.264263 0.146279 0.059775
0 0.341865 0.871602 0.069258 0.104492
0 0.366167 0.954429 0.066826 0.070068
0 0.446958 0.924868 0.105303 0.150264
0 0.468140 0.857432 0.093799 0.125391
0 0.408364 0.736899 0.106924 0.149209
0 0.299497 0.652095 0.047627 0.077764
0 0.482725 0.647236 0.063184 0.099141
0 0.488799 0.560239 0.070469 0.071924
0 0.356851 0.554648 0.146768 0.138516
0 0.319429 0.462310 0.072900 0.125869
0 0.535859 0.329917 0.082617 0.081006
0 0.704741 0.322021 0.112588 0.124336
0 0.777036 0.409297 0.042529 0.038066
0 0.903599 0.532051 0.117119 0.163789
0 0.877798 0.402202 0.087471 0.055400
0 0.984063 0.425664 0.031875 0.039141
0 0.964927 0.376523 0.070146 0.060078
0 0.901660 0.287583 0.052148 0.056025
0 0.859038 0.288140 0.129170 0.124443
0 0.888931 0.136323 0.048428 0.059092
