0 0.068804 0.556875 0.137607 0.139063
0 0.044707 0.554487 0.089414 0.094658
0 0.029502 0.497129 0.059004 0.030410
0 0.045991 0.476001 0.088916 0.036592
0 0.078237 0.383013 0.156475 0.135146
0 0.079175 0.325615 0.138525 0.111250
0 0.093457 0.300596 0.123281 0.111465
0 0.030728 0.214370 0.061455 0.071729
0 0.052705 0.189526 0.105410 0.079463
0 0.039854 0.129785 0.079707 0.100879
0 0.113257 0.190576 0.056436 0.040977
0 0.078335 0.129966 0.087627 0.089346
0 0.097407 0.116704 0.146221 0.165518
0 0.098179 0.045737 0.077314 0.091475
0 0.114497 0.047383 0.066084 0.094766
0 0.143696 0.052725 0.065771 0.105449
0 0.165352 0.059424 0.087813 0.118848
0 0.199927 0.430020 0.102373 0.110410
0 0.179575 0.373516 0.079893 0.048105
0 0.207246 0.313916 0.073379 0.078027
0 0.221865 0.177515 0.039375 0.109971
0 0.215811 0.357993 0.054316 0.028213
0 0.383169 0.027983 0.193604 0.055967
0 0.350698 0.356821 0.182217 0.139541
0 0.430449 0.436538 0.095742 0.035479
0 0.368682 0.565874 0.132539 0.136807
0 0.458115 0.573545 0.111543 0.083242
0 0.492646 0.614653 0.063711 0.057217
0 0.215059 0.825342 0.035312 0.076543
0 0.425327 0.279165 0.151768 0.158721
0 0.483740 0.392261 0.094258 0.102803
0 0.472080 0.189873 0.075156 0.100820
0 0.495586 0.210757 0.040508 0.090615
0 0.549097 0.114575 0.139502 0.229150
0 0.607349 0.085327 0.051201 0.103330
0 0.670942 0.182764 0.098037 0.094629
0 0.597139 0.245635 0.041699 0.074277
0 0.633379 0.251045 0.089844 0.080273
0 0.618291 0.387485 0.081133 0.060107
0 0.642671 0.427759 0.094111 0.067861
0 0.599580 0.623315 0.118281 0.083701
0 0.531768 0.677588 0.052266 0.044531
0 0.491128 0.691323 0.033350 0.045615
0 0.489912 0.653364 0.080410 0.040615
0 0.243491 0.872578 0.018193 0.049512
0 0.392368 0.951108 0.065205 0.022939
0 0.449326 0.722837 0.042949 0.089990
0 0.446216 0.845894 0.033721 0.041025
0 0.511436 0.944951 0.076035 0.110098
0 0.550269 0.882729 0.083330 0.048545
0 0.500615 0.782559 0.043555 0.097676
0 0.537598 0.830620 0.047422 0.082471
0 0.574121 0.796392 0.035684 0.058838
0 0.635474 0.582549 0.114541 0.090488
0 0.680845 0.520327 0.083584 0.078857
0 0.817378 0.066606 0.055674 0.116533
0 0.856812 0.065713 0.066494 0.131426
0 0.922959 0.031445 0.035254 0.062891
0 0.931870 0.046475 0.130264 0.092949
0 0.952759 0.071436 0.094482 0.142871
0 0.976729 0.071890 0.046543 0.067725
0 0.983994 0.109004 0.032012 0.053086
0 0.968276 0.154497 0.063447 0.071377
0 0.944819 0.219092 0.110361 0.058164
0 0.970981 0.167573 0.058037 0.051924
0 0.961187 0.191621 0.077627 0.048672
0 0.969116 0.234829 0.061768 0.055791
0 0.970571 0.294800 0.058857 0.038447
0 0.955186 0.348442 0.039531 0.049443
0 0.972505 0.385430 0.054990 0.053477
0 0.984390 0.412393 0.031221 0.032070
0 0.972935 0.497632 0.054131 0.040635
0 0.975620 0.543179 0.048760 0.043311
0 0.896084 0.553184 0.056699 0.083242
0 0.915933 0.584629 0.083506 0.031699
0 0.858760 0.608623 0.039707 0.099824
0 0.727012 0.682104 0.091660 0.067178
0 0.981230 0.582461 0.027832 0.023750
0 0.956265 0.619092 0.038408 0.045996
0 0.960156 0.658853 0.079687 0.059014
0 0.881138 0.665625 0.076279 0.023828
0 0.940420 0.727480 0.119160 0.064395
0 0.959409 0.850625 0.081182 0.031855
0 0.963379 0.768516 0.073242 0.034023
0 0.929121 0.811099 0.108242 0.027275
0 0.849839 0.745317 0.072959 0.077314
0 0.844282 0.885649 0.053604 0.049229
0 0.880879 0.861553 0.038652 0.026797
0 0.901626 0.977939 0.038916 0.044121
0 0.918271 0.961660 0.104160 0.076680
0 0.973472 0.957793 0.053057 0.084414
0 0.795664 0.166807 0.021152 0.083867
0 0.861416 0.154155 0.037363 0.168545
0 0.030889 0.072949 0.061777 0.077266
0 0.528774 0.466914 0.101787 0.075449
0 0.110420 0.786035 0.086855 0.103086
0 0.059990 0.804854 0.119980 0.135762
0 0.059062 0.775161 0.118125 0.143193
0 0.231011 0.612852 0.173389 0.155664
0 0.030693 0.655752 0.061387 0.076602
