0 0.550229 0.450615 0.070635 0.133164
0 0.602520 0.444180 0.054941 0.136465
0 0.658188 0.331040 0.101787 0.113135
0 0.610967 0.217417 0.069160 0.176494
0 0.784946 0.312529 0.130635 0.363027
0 0.864956 0.241831 0.122178 0.181572
0 0.851636 0.381895 0.109150 0.102598
0 0.937925 0.289521 0.123799 0.084824
0 0.330659 0.271372 0.073975 0.070947
0 0.246338 0.425190 0.094062 0.075518
0 0.455981 0.329883 0.081006 0.124785
0 0.328398 0.334048 0.173320 0.070303
0 0.420068 0.256689 0.126250 0.083145
0 0.544395 0.149849 0.068262 0.297783
0 0.445669 0.155874 0.144775 0.172998
0 0.426968 0.133604 0.086396 0.119082
0 0.532129 0.611050 0.085957 0.125693
0 0.040654 0.320840 0.048145 0.127852
0 0.031709 0.438105 0.051348 0.112793
0 0.142993 0.215093 0.108252 0.430186
0 0.184590 0.365601 0.048887 0.208955
0 0.198877 0.225947 0.048418 0.168594
0 0.216704 0.181050 0.049736 0.047979
0 0.655308 0.524248 0.060889 0.309746
0 0.863750 0.456543 0.048906 0.124609
0 0.768657 0.529048 0.045088 0.124229
0 0.125332 0.146333 0.072930 0.292666
0 0.084424 0.168398 0.044434 0.178203
0 0.092642 0.613823 0.036455 0.061260
0 0.031270 0.667910 0.062539 0.101855
0 0.421553 0.454165 0.211758 0.345400
0 0.046719 0.235762 0.093438 0.222539
0 0.308228 0.466431 0.156807 0.247764
0 0.145586 0.511270 0.055313 0.202148
0 0.060649 0.522373 0.121299 0.136328
0 0.813296 0.575044 0.360225 0.316064
0 0.950298 0.597236 0.099229 0.198242
0 0.918438 0.715762 0.126328 0.188086
0 0.651904 0.951743 0.038535 0.096514
0 0.713677 0.968159 0.070674 0.063682
0 0.735508 0.790679 0.101719 0.189541
0 0.633604 0.850845 0.058906 0.173623
0 0.294063 0.765581 0.063730 0.239619
0 0.161113 0.780605 0.159609 0.322188
0 0.051431 0.936807 0.050049 0.092793
0 0.507007 0.464600 0.057471 0.118066
0 0.471763 0.516538 0.065713 0.129521
0 0.439634 0.593452 0.056377 0.135107
0 0.411743 0.593291 0.055283 0.055078
