0 0.212422 0.095371 0.064434 0.104805
0 0.110562 0.036694 0.102939 0.073389
0 0.145039 0.026528 0.043945 0.053057
0 0.357642 0.011377 0.040381 0.022754
0 0.383779 0.059077 0.116152 0.081006
0 0.478701 0.103940 0.064687 0.078467
0 0.410220 0.151611 0.072275 0.042754
0 0.433633 0.190869 0.040547 0.063887
0 0.459414 0.236523 0.105234 0.060234
0 0.506172 0.256914 0.050625 0.051797
0 0.008447 0.059731 0.016895 0.031533
0 0.098257 0.190566 0.029365 0.062773
0 0.040469 0.224805 0.061406 0.068672
0 0.026377 0.406704 0.052754 0.048096
0 0.667563 0.040225 0.088877 0.080449
0 0.756719 0.045288 0.035430 0.090576
0 0.790586 0.031650 0.044102 0.063301
0 0.878501 0.031514 0.038252 0.047246
0 0.988975 0.060278 0.022051 0.106299
0 0.935273 0.076167 0.065820 0.129932
0 0.939336 0.025005 0.033438 0.050010
0 0.985313 0.209023 0.029375 0.047793
0 0.883145 0.209634 0.067227 0.056299
0 0.991592 0.291846 0.016816 0.030371
0 0.956641 0.258555 0.054141 0.065156
0 0.886094 0.287148 0.083203 0.056719
0 0.877188 0.256328 0.045234 0.047109
0 0.764922 0.273320 0.058828 0.076406
0 0.741133 0.287266 0.071719 0.067266
0 0.642578 0.232813 0.041211 0.055469
0 0.690820 0.194531 0.098633 0.048438
0 0.665527 0.133496 0.120313 0.092383
0 0.254517 0.231230 0.074248 0.086738
0 0.198325 0.207271 0.110361 0.121162
0 0.412749 0.328516 0.060752 0.099844
0 0.317124 0.432212 0.054678 0.068857
0 0.249795 0.393569 0.050293 0.088760
0 0.180942 0.398125 0.047588 0.139043
0 0.161289 0.309180 0.051328 0.077578
0 0.009429 0.564697 0.018857 0.042598
0 0.068242 0.520352 0.053437 0.063750
0 0.390669 0.537344 0.074248 0.055977
0 0.544653 0.507812 0.067783 0.097871
0 0.768389 0.367471 0.065527 0.054277
0 0.695405 0.458169 0.055693 0.049502
0 0.813394 0.464497 0.061592 0.070596
0 0.921250 0.533545 0.036836 0.078184
0 0.913237 0.451562 0.068623 0.105469
0 0.676074 0.567773 0.060547 0.040430
0 0.787305 0.603711 0.054492 0.054883
0 0.850781 0.720313 0.049023 0.036914
0 0.930957 0.748340 0.033594 0.066211
0 0.975107 0.734502 0.049785 0.046973
0 0.960059 0.726807 0.064453 0.096973
0 0.986021 0.847842 0.027959 0.058047
0 0.888174 0.871299 0.043535 0.067832
0 0.786416 0.892734 0.113398 0.051973
0 0.693438 0.741699 0.128594 0.123867
0 0.237812 0.722969 0.118125 0.135684
0 0.251899 0.682480 0.046396 0.049922
0 0.677002 0.956250 0.036445 0.037266
0 0.660527 0.841372 0.067500 0.047529
0 0.592891 0.838140 0.085215 0.051182
0 0.539814 0.822461 0.067051 0.100781
0 0.491211 0.797813 0.072422 0.067969
0 0.436934 0.784141 0.042695 0.041484
0 0.439258 0.838770 0.052539 0.044141
0 0.293218 0.878076 0.113057 0.051465
0 0.015718 0.705918 0.031436 0.053340
0 0.061470 0.702891 0.056025 0.058047
0 0.088184 0.669321 0.088594 0.101396
0 0.039297 0.776875 0.057656 0.053437
0 0.116055 0.810273 0.071484 0.086484
0 0.119546 0.899590 0.052588 0.063281
0 0.049790 0.892969 0.097041 0.051953
