0 0.257422 0.243447 0.161191 0.159160
0 0.081631 0.449189 0.163262 0.148223
0 0.120166 0.608354 0.149199 0.197803
0 0.172656 0.695859 0.098203 0.113281
0 0.121738 0.966973 0.148438 0.066055
0 0.244224 0.971079 0.128564 0.057842
0 0.884907 0.963545 0.230186 0.072910
0 0.908267 0.571904 0.108818 0.168672
0 0.935117 0.465059 0.129766 0.115293
0 0.953232 0.421416 0.093535 0.099375
0 0.720894 0.423745 0.276416 0.205400
0 0.333364 0.077686 0.102803 0.155371
0 0.637920 0.061177 0.104082 0.122354
0 0.768887 0.084873 0.213047 0.169746
0 0.942148 0.240171 0.115703 0.233213
0 0.749058 0.137056 0.172549 0.197021
0 0.331079 0.859614 0.117549 0.180693
0 0.061147 0.715083 0.122295 0.123369
0 0.086021 0.822666 0.172041 0.165000
0 0.016221 0.872373 0.032441 0.114883
0 0.046538 0.028037 0.091494 0.056074
0 0.031592 0.192212 0.063184 0.295381
0 0.267617 0.052568 0.083594 0.105137
0 0.575962 0.398081 0.243760 0.219053
0 0.495117 0.845391 0.255020 0.199023
