0 0.687534 0.451821 0.192783 0.062373
0 0.093013 0.016313 0.077314 0.032627
0 0.091602 0.062080 0.136094 0.069102
0 0.255596 0.091816 0.064492 0.086738
0 0.294038 0.174897 0.073076 0.057510
0 0.296577 0.227954 0.082607 0.068936
0 0.280640 0.258799 0.149326 0.058242
0 0.374902 0.369336 0.157812 0.076953
0 0.376563 0.314844 0.095508 0.051367
0 0.098311 0.351294 0.051191 0.064404
0 0.119019 0.309546 0.056631 0.123721
0 0.090322 0.220601 0.136016 0.211943
0 0.036812 0.218872 0.073623 0.097959
0 0.448174 0.141387 0.063184 0.042520
0 0.457891 0.083828 0.151602 0.108008
0 0.472539 0.025181 0.090234 0.050361
0 0.577002 0.212837 0.095508 0.087412
0 0.701875 0.206934 0.055684 0.058047
0 0.704746 0.143901 0.065137 0.079482
0 0.830967 0.198999 0.096523 0.078975
0 0.876362 0.278311 0.081338 0.115430
0 0.799312 0.317764 0.097197 0.092344
0 0.734106 0.334370 0.046162 0.055889
0 0.689453 0.517739 0.065625 0.089717
0 0.785664 0.517246 0.083672 0.117070
0 0.880000 0.500195 0.078047 0.039141
0 0.935898 0.533594 0.127031 0.053437
0 0.935605 0.625703 0.128789 0.144375
0 0.908257 0.716895 0.147822 0.186699
0 0.963647 0.823887 0.072705 0.119629
0 0.742373 0.644165 0.095176 0.065811
0 0.876870 0.922148 0.071553 0.155703
0 0.662559 0.821519 0.148496 0.161318
0 0.526377 0.759922 0.049609 0.109687
0 0.269316 0.507949 0.092813 0.094219
0 0.395732 0.566875 0.165937 0.063008
0 0.475186 0.622842 0.104902 0.092246
0 0.488545 0.560264 0.036562 0.031777
0 0.489810 0.521455 0.047529 0.035723
0 0.982661 0.035308 0.034678 0.060361
0 0.965039 0.141289 0.069922 0.052109
0 0.976636 0.169277 0.046729 0.035508
0 0.917090 0.104541 0.081641 0.111621
0 0.033301 0.605552 0.066602 0.104775
0 0.114414 0.592773 0.118594 0.075469
0 0.096973 0.540469 0.098828 0.046953
0 0.025674 0.710483 0.051348 0.075264
0 0.076436 0.886045 0.152871 0.083340
0 0.466675 0.948672 0.062002 0.102656
0 0.670234 0.958096 0.150195 0.066934
